# id	left	top	right	bottom	texture_id
[SPRITES]
#################### Grass ####################################

100	1	17	17	32	200

101	18	17	34	32	200

102	35	17	51	32	200

103	52	17	68	32	200

################# DOOR ########################################

104	36	34	50	47	200

105	53	34	67	47	200

106	70	34	84	47	200

107	87	34	101	47	200

108	104	34	118	47	200

109	121	34	135	47	200

110	1	33	17	49	200

111	120	0	136	15	200

############################################################################################################################
[ANIMATIONS]
######## Grass ###############

100	100	200	101	200	102	200	103	200

############ DOOR ############

101	104	100

102	105	100

103	106	100

104	107	100

105	108	100

106	109	100

107	110	100

108	111	100